              precision    recall  f1-score   support

         OOK       1.00      1.00      1.00      5322
        4ASK       0.99      0.99      0.99      5159
        8ASK       0.99      0.99      0.99      5205
        BPSK       1.00      1.00      1.00      5366
        QPSK       1.00      0.99      0.99      5387
        8PSK       0.98      1.00      0.99      5338
       16PSK       0.73      0.98      0.84      5324
       32PSK       0.95      0.64      0.77      5350
      16APSK       1.00      1.00      1.00      5382
      32APSK       1.00      0.99      1.00      5328
      64APSK       0.97      0.94      0.95      5308
     128APSK       0.95      0.95      0.95      5302
       16QAM       0.98      1.00      0.99      5363
       32QAM       0.96      0.95      0.96      5355
       64QAM       0.85      0.57      0.68      5312
      128QAM       0.67      0.90      0.77      5383
      256QAM       0.68      0.69      0.68      5447
   AM-SSB-WC       0.85      0.96      0.90      5177
   AM-SSB-SC       1.00      1.00      1.00      5315
   AM-DSB-WC       0.95      0.84      0.90      5399
   AM-DSB-SC       1.00      1.00      1.00      5355
          FM       1.00      1.00      1.00      5269
        GMSK       1.00      1.00      1.00      5297
       OQPSK       1.00      1.00      1.00      5272
        BFSK       1.00      1.00      1.00      5309
        4FSK       1.00      1.00      1.00      5412
        8FSK       1.00      0.98      0.99      5334

    accuracy                           0.94    143770
   macro avg       0.94      0.94      0.94    143770
weighted avg       0.94      0.94      0.94    143770
